# query_id num_block_accesses num_unique_blocks latency_us
0 1477 497 260666
1 1707 529 124319
2 1923 583 96277
3 1570 452 37195
4 1535 451 26652
5 1881 552 40315
6 1549 458 19094
7 1633 545 38524
8 1581 505 18857
9 1788 525 22327
10 1786 530 23160
11 1593 519 29124
12 1531 495 16307
13 1675 519 20274
14 1710 527 14038
15 2018 570 17314
16 1646 489 11601
17 2186 521 11324
18 1663 581 19905
19 1517 484 14609
20 1492 552 21573
21 2156 601 23391
22 2132 521 12400
23 1611 517 7264
24 2039 551 11544
25 1548 486 11124
26 1571 515 7527
27 1595 534 11661
28 1610 489 12043
29 1947 585 9873
30 1650 545 14999
31 1569 524 13491
32 1688 463 7192
33 2203 589 13060
34 1922 546 9962
35 1567 482 9918
36 2243 610 10526
37 2111 605 9914
38 1512 502 11583
39 1798 571 7837
40 1582 519 6940
41 1609 513 5907
42 1968 557 12170
43 1783 542 6274
44 1963 591 7956
45 1842 509 9476
46 1628 492 10332
47 1477 558 8242
48 1497 483 6216
49 1833 499 7701
50 1679 557 11335
51 2352 630 8290
52 1482 480 5649
53 1978 557 8675
54 1514 461 7075
55 1690 582 12892
56 1571 458 5584
57 1647 480 5976
58 1549 567 10035
59 1763 573 11575
60 1787 431 5952
61 1512 497 5674
62 1553 510 6433
63 1578 514 5982
64 1916 614 12325
65 1528 480 9634
66 1510 568 5832
67 1635 450 5727
68 1727 478 5849
69 1620 479 5655
70 1559 475 5858
71 1764 575 6549
72 1515 516 7184
73 1614 458 5675
74 1555 507 6542
75 2050 528 6628
76 1660 546 8662
77 1976 590 11128
78 1617 458 5775
79 1822 535 6951
80 1757 523 5937
81 1753 507 5817
82 1620 465 5527
83 1978 596 6785
84 1537 532 5344
85 1667 615 6462
86 1551 537 5593
87 1624 492 5502
88 1888 536 6239
89 1928 477 6390
90 1796 513 9253
91 2057 594 7016
92 1657 488 5758
93 1722 571 6049
94 1739 500 5602
95 1842 547 6254
96 1501 436 9467
97 1684 481 5824
98 1584 519 6380
99 1777 548 5989
100 1692 528 5837
101 1652 525 11744
102 1544 558 12393
103 1731 562 11472
104 1689 458 9943
105 1936 547 6189
106 1906 493 7035
107 1824 525 6280
108 1528 480 5179
109 1584 564 7701
110 1500 493 7162
111 1452 497 6445
112 1808 579 8801
113 2352 630 8036
114 1640 515 6315
115 1970 588 11334
116 1548 418 5242
117 1818 559 7699
118 1617 537 12250
119 1631 539 6304
120 1514 522 5748
121 1488 507 6069
122 1517 485 5066
123 1738 535 5894
124 1988 548 7432
125 2301 657 7821
126 1600 534 8580
127 1740 441 5565
128 1470 491 5632
129 1650 528 6492
130 1601 481 5322
131 1531 535 5194
132 1639 496 6126
133 1997 464 5939
134 1555 475 5195
135 1640 468 5406
136 1545 590 8804
137 1943 603 6558
138 1839 455 6350
139 1602 536 8030
140 1540 469 11522
141 1845 514 6190
142 1864 538 5990
143 1480 506 5861
144 1496 442 5155
145 1558 502 6336
146 1853 559 7389
147 2031 540 9458
148 1550 522 5924
149 2368 602 7705
150 1694 487 5475
151 2209 636 9931
152 2542 653 12790
153 1613 550 12329
154 2382 644 7906
155 1782 575 10741
156 1786 557 6205
157 2469 615 9680
158 1551 539 6590
159 1686 598 9621
160 1537 589 6360
161 1770 562 11126
162 1989 570 6662
163 1530 607 6657
164 1506 486 5291
165 1509 483 5217
166 1819 541 5783
167 2135 546 7090
168 1595 532 5206
169 1842 552 6501
170 1851 559 8579
171 1741 499 5882
172 1900 586 6711
173 1586 467 5590
174 1880 636 10037
175 1882 541 6202
176 1696 503 6425
177 1951 547 7481
178 1698 557 7309
179 1711 512 5866
180 2264 576 7298
181 2197 584 8029
182 1548 485 5286
183 1751 514 5691
184 2015 560 6505
185 2069 572 10274
186 2044 579 11603
187 2168 583 7100
188 2053 515 9085
189 1799 499 6169
190 1552 514 7146
191 1691 546 5826
192 1802 534 6242
193 1704 537 6133
194 1935 533 7684
195 1797 570 6523
196 1923 530 6063
197 1541 506 5332
198 1506 479 5177
199 2041 578 8034
200 1517 457 5748
201 1872 604 8261
202 1618 506 5550
203 1444 451 4780
204 1866 594 6048
205 2139 562 6681
206 2015 557 6369
207 1509 554 6737
208 1589 460 5375
209 1675 482 5550
210 1896 559 6513
211 1976 657 15842
212 1526 433 9613
213 1779 580 6177
214 1610 463 5165
215 1816 569 6021
216 1628 478 5756
217 1683 523 6344
218 1778 509 6261
219 1646 516 5847
220 1679 495 6796
221 1606 506 7097
222 1875 547 6413
223 1542 476 5929
224 1736 589 6337
225 1702 536 6448
226 1860 549 6317
227 1745 476 5823
228 1610 577 6369
229 1776 509 9170
230 1889 627 8949
231 1679 457 5933
232 1574 572 6264
233 1722 514 5700
234 1765 530 5706
235 1658 460 5320
236 1750 502 5622
237 1868 514 6274
238 1673 457 5419
239 1929 487 6267
240 1769 530 7256
241 1486 512 6197
242 1697 430 5319
243 1572 534 5261
244 1497 534 5303
245 1761 533 5841
246 1647 484 5393
247 1583 504 5677
248 1571 426 5168
249 1601 529 5673
250 1898 593 6740
251 1699 517 5745
252 2046 656 9068
253 1745 443 5668
254 1818 514 7051
255 1492 492 5120
256 1772 499 5548
257 1650 519 5500
258 1839 560 6080
259 1690 557 6092
260 1704 522 5868
261 1736 570 7647
262 1798 570 6151
263 1610 527 5402
264 1714 496 5551
265 1527 424 4834
266 1487 478 4766
267 1771 532 5556
268 2052 535 6643
269 1843 515 6031
270 1635 467 5652
271 2051 559 10389
272 1519 448 9729
273 1828 557 8720
274 1999 491 6492
275 1559 522 9279
276 1890 563 6538
277 1534 542 5666
278 1677 510 8107
279 1852 576 8377
280 1634 526 5682
281 1507 474 5799
282 2158 539 6745
283 1813 537 6093
284 1826 511 5880
285 1668 556 5645
286 1659 491 5392
287 1701 564 5998
288 1520 491 6110
289 1956 547 6476
290 2207 592 6960
291 1586 546 7472
292 1560 505 5449
293 2236 579 6951
294 2409 634 7763
295 1930 589 6132
296 1549 519 5353
297 1796 586 7407
298 1912 560 7116
299 1674 554 7615
300 2205 551 6923
301 1969 554 6312
302 1626 422 5315
303 1634 516 6864
304 1628 480 9865
305 1613 472 6150
306 1590 479 5525
307 1667 573 5850
308 1905 572 7946
309 2268 609 7218
310 1691 521 5579
311 1774 573 6982
312 1806 507 6400
313 1608 586 5943
314 1710 583 7968
315 2189 637 6961
316 1551 527 5546
317 1590 495 5645
318 1644 486 5594
319 2166 628 7607
320 1742 517 5720
321 1618 516 5545
322 2203 612 7120
323 1720 450 5716
324 1803 541 5949
325 1907 535 6224
326 1866 562 6405
327 2011 558 8563
328 1727 512 5909
329 1616 581 5681
330 1610 546 6467
331 1585 500 5535
332 2105 595 6820
333 1552 563 5495
334 2073 560 6624
335 2039 534 6550
336 1640 494 5533
337 1718 497 5858
338 1580 456 7707
339 1590 543 5619
340 1970 576 6734
341 1587 547 5389
342 1911 465 6014
343 1741 549 6184
344 1601 553 5624
345 1993 590 6636
346 1703 493 5777
347 2017 607 6693
348 1705 534 6316
349 1721 494 5988
350 2142 608 6955
351 1565 575 5391
352 2119 607 10903
353 1632 542 6636
354 1728 496 5566
355 1863 575 6917
356 1742 502 5950
357 1877 476 6128
358 1772 517 5904
359 1757 560 8805
360 1547 491 9952
361 1522 421 4943
362 1578 559 5249
363 1683 536 5393
364 1622 506 5390
365 1632 525 5537
366 1680 521 5793
367 1588 507 5514
368 2027 602 6865
369 2167 560 7268
370 2500 662 10291
371 2186 533 6852
372 1799 548 6968
373 2048 639 7958
374 2416 639 7771
375 1546 431 5106
376 1643 461 5584
377 2114 571 7940
378 2032 581 6523
379 1833 531 6047
380 1860 572 6106
381 2000 543 6328
382 1565 485 5239
383 1670 549 5734
384 1790 570 5854
385 1636 507 6634
386 1777 489 5870
387 1743 558 8485
388 2001 540 6528
389 2301 605 7360
390 1597 559 5406
391 2202 565 6936
392 1491 435 4957
393 1834 581 5947
394 1660 530 5602
395 1813 584 6226
396 2053 607 6851
397 1907 523 6329
398 2000 534 6593
399 1644 490 7731
400 2142 582 7082
401 2043 555 6602
402 1731 518 5813
403 2090 585 9651
404 1677 543 5880
405 1558 546 5657
406 1584 492 5540
407 1564 446 5345
408 1549 515 5428
409 1724 601 6007
410 1765 471 5621
411 1684 502 5399
412 2159 592 9570
413 1824 558 5922
414 2063 592 7029
415 1652 528 9538
416 1747 587 7192
417 2260 606 12727
418 1608 576 5590
419 2339 580 7264
420 1479 456 4772
421 1808 566 5741
422 1788 493 5913
423 1686 510 5811
424 1995 550 6316
425 1640 513 5603
426 1554 433 5245
427 1547 466 5283
428 1655 504 5456
429 1802 561 6223
430 1939 603 8877
431 1735 538 6782
432 1582 553 5949
433 2055 572 6581
434 1730 540 6031
435 1778 525 5952
436 1575 505 5517
437 1591 517 5480
438 2106 584 6890
439 1510 514 5117
440 1967 518 6102
441 1497 532 6972
442 2491 674 7838
443 1631 508 5393
444 1619 516 5641
445 1754 580 5924
446 2053 550 6718
447 1663 550 5822
448 1771 527 5850
449 1668 481 5602
450 1688 467 5402
451 1960 576 8337
452 1765 485 5584
453 1699 553 5679
454 1644 532 5471
455 1760 527 5920
456 2101 546 6816
457 2019 591 8066
458 1669 590 5944
459 1760 532 5899
460 1591 513 5276
461 1691 531 5568
462 2016 585 6410
463 1649 521 5549
464 1800 504 5844
465 1998 553 6628
466 1818 574 8262
467 1705 548 6103
468 1818 563 6379
469 1778 507 5763
470 1741 484 6030
471 1532 536 5179
472 1659 505 5591
473 1490 511 4891
474 1649 544 6069
475 1762 544 5814
476 1579 497 5384
477 1654 498 5478
478 1825 590 8127
479 1845 569 6068
480 1623 503 5398
481 1642 528 5529
482 1680 530 5341
483 1652 573 5638
484 1518 490 5720
485 1712 492 5613
486 1628 480 8516
487 1734 557 5972
488 1703 522 5698
489 2020 565 6739
490 1657 532 5677
491 1584 526 5502
492 1537 436 4855
493 1577 505 6276
494 1785 506 5718
495 1777 518 5717
496 1493 451 4816
497 2176 631 7279
498 1701 561 5946
499 1689 503 5878
500 1610 522 5566
501 1760 502 5788
502 1953 563 6332
503 1483 462 5029
504 1547 480 5085
505 1653 519 5614
506 1490 457 5030
507 1698 538 5577
508 1674 478 5506
509 1945 602 6602
510 1606 529 5826
511 1573 487 5373
512 1743 458 5484
513 1533 477 10931
514 1553 517 9728
515 2009 585 7399
516 2258 569 7283
517 1586 530 5476
518 2031 609 7303
519 2291 619 7553
520 1665 554 5769
521 1701 537 6199
522 1913 501 6374
523 1623 507 5307
524 1824 492 5950
525 1737 476 5810
526 1833 609 6212
527 1705 510 5634
528 1710 573 5897
529 1708 499 5547
530 1999 496 6220
531 2375 637 7622
532 1977 549 9979
533 2688 682 8806
534 1592 546 5563
535 1631 542 5537
536 1521 455 5053
537 1692 535 5853
538 1640 494 5473
539 1745 546 5983
540 1624 525 5759
541 1618 475 5604
542 2087 519 6842
543 1707 524 5644
544 1831 473 5664
545 1619 466 5280
546 2136 596 6753
547 1550 490 5155
548 2034 576 6814
549 1689 509 5694
550 1449 516 5310
551 1623 531 5775
552 1798 534 6001
553 1594 494 5499
554 1827 522 6156
555 1544 520 5047
556 1778 500 5606
557 1563 480 5112
558 1930 577 6271
559 2496 587 7865
560 1729 538 5937
561 1821 601 6406
562 1732 579 6026
563 1625 535 5810
564 1558 466 5220
565 1618 520 5389
566 2211 598 6943
567 1561 502 5312
568 1561 433 4934
569 1759 541 5730
570 1644 572 5709
571 1610 454 5482
572 1774 507 6090
573 1672 540 5677
574 1969 531 11638
575 1665 552 5824
576 1956 539 6435
577 1734 584 5886
578 1646 533 5464
579 1640 517 5470
580 1650 443 5344
581 1700 472 5737
582 2195 650 7459
583 1965 523 6402
584 1508 484 5559
585 2062 599 6599
586 1681 482 5338
587 1487 478 5003
588 1543 498 5267
589 1998 580 6588
590 1525 489 5533
591 1701 549 5830
592 2116 545 6895
593 1587 492 5491
594 1945 585 6496
595 1593 514 5804
596 1497 489 5031
597 2017 583 6492
598 1802 582 8448
599 1754 499 5807
600 2080 600 6929
601 1803 525 6136
602 1568 458 5583
603 1736 422 5809
604 2174 580 7378
605 2184 563 7114
606 1576 475 5483
607 1657 481 5481
608 2068 640 6832
609 1591 435 5062
610 1538 518 5170
611 1799 604 6379
612 1783 509 6031
613 1504 483 5333
614 1817 553 6560
615 1805 535 12543
616 1658 491 5697
617 1845 612 6160
618 1648 510 5296
619 1584 520 5223
620 1825 583 6020
621 2144 564 6924
622 1520 511 5444
623 1577 501 5411
624 1544 524 5509
625 1551 541 5356
626 1610 431 5145
627 1667 493 5364
628 1715 482 5511
629 1670 539 5526
630 1719 578 11471
631 1961 511 6364
632 2241 622 7456
633 1839 494 6128
634 2074 624 9658
635 2330 650 7626
636 1932 553 6149
637 1719 557 5668
638 1683 398 5096
639 1812 493 5467
640 1553 479 5092
641 2236 543 7066
642 2152 530 6896
643 1529 522 5468
644 2401 597 7459
645 1554 501 5341
646 1555 586 5409
647 1704 512 5524
648 1942 569 6040
649 1968 564 6315
650 1673 600 12041
651 1624 580 6730
652 1747 542 6035
653 1695 514 6543
654 1653 573 6621
655 1654 560 5782
656 1698 449 5730
657 1819 498 5881
658 1717 468 5541
659 1653 453 5261
660 1850 620 6334
661 1975 522 6505
662 1861 517 6277
663 2116 591 7116
664 1643 513 5621
665 1973 545 6419
666 1720 519 5671
667 1520 464 4921
668 2076 595 6587
669 1539 469 5377
670 1889 582 6211
671 1672 559 5883
672 2302 597 7405
673 1661 513 5790
674 1579 488 5407
675 1553 478 5201
676 1547 506 12925
677 1602 463 5453
678 2156 550 11383
679 1687 444 5422
680 1612 519 5681
681 1767 557 6183
682 2064 602 6901
683 1475 492 5229
684 1694 522 5867
685 2163 635 6912
686 2231 583 6840
687 1613 459 5145
688 1844 550 6045
689 2087 575 6749
690 1705 481 5686
691 1918 518 13800
692 1787 556 6389
693 1769 554 6026
694 1636 495 5449
695 1692 547 5732
696 1849 536 6196
697 1724 606 5981
698 1716 522 5566
699 1907 587 6172
700 1931 652 6640
701 1896 565 6357
702 2037 618 6903
703 2039 611 6885
704 1865 547 6391
705 1694 510 5744
706 1930 581 6376
707 1456 485 4878
708 1516 408 4806
709 1462 522 4978
710 1906 586 6214
711 1454 511 5279
712 1543 503 5591
713 1465 475 5142
714 1588 473 5279
715 1857 582 6368
716 1800 518 6130
717 1806 544 5946
718 1621 509 5421
719 1609 503 5341
720 1569 469 5145
721 1621 534 11256
722 1661 466 5580
723 1552 493 5536
724 1812 524 6245
725 1698 453 5404
726 2085 563 8315
727 1727 544 5839
728 1778 560 5810
729 1570 471 5039
730 1507 469 5034
731 1678 563 5620
732 1758 481 5834
733 1540 496 5309
734 1595 465 5420
735 2328 566 7405
736 1793 549 8201
737 1611 500 5428
738 2369 527 7157
739 2778 718 8686
740 1721 513 5848
741 1591 566 8378
742 1963 581 6596
743 1788 553 6233
744 1533 483 5580
745 1662 453 5489
746 2023 529 6308
747 1525 495 5267
748 1556 492 5320
749 2010 581 6432
750 1994 584 6415
751 1791 609 6000
752 1491 485 7504
753 1935 535 6426
754 1532 563 5556
755 1605 482 5509
756 1633 496 5568
757 1554 569 5501
758 1500 516 5027
759 1572 513 5150
760 1835 545 5928
761 1662 560 5504
762 1775 580 5963
763 1583 531 5698
764 1539 509 5449
765 2057 560 6783
766 1891 523 6295
767 1670 523 5590
768 1517 483 5015
769 1957 570 6182
770 1708 514 5544
771 1732 521 5703
772 1748 469 5440
773 1879 541 6132
774 1843 542 6300
775 1578 475 5372
776 1966 598 6692
777 1727 483 5644
778 1580 463 5292
779 1743 460 5705
780 1574 467 5495
781 1463 518 11000
782 1595 482 5677
783 1900 554 6349
784 1628 542 7652
785 1651 527 5808
786 1630 477 5498
787 2120 582 7019
788 1643 536 5681
789 1923 518 6035
790 1629 512 5525
791 1595 499 5227
792 1667 569 5704
793 1982 568 6236
794 1664 477 5687
795 1841 475 5905
796 1504 549 5395
797 1745 529 6008
798 1630 545 5600
799 2375 577 7587
800 1619 504 5490
801 1600 569 5492
802 1654 538 5441
803 1534 515 11075
804 1501 547 5656
805 1571 531 5509
806 1654 501 5715
807 1595 539 7631
808 1781 572 6027
809 1681 554 5587
810 1685 528 5551
811 2061 535 6378
812 1572 569 5335
813 1789 507 5597
814 1951 518 6071
815 1883 481 6322
816 1606 530 5492
817 1673 548 6033
818 1916 591 6760
819 1583 512 5501
820 1695 536 5640
821 2190 672 7324
822 2392 662 7692
823 1588 496 5373
824 1586 498 5375
825 1839 541 6001
826 1528 548 5396
827 1471 474 5179
828 1908 594 6479
829 1946 525 6300
830 1464 464 5059
831 1823 611 12373
832 1817 588 6129
833 1844 515 5936
834 1425 528 4988
835 1740 515 6010
836 2176 609 7189
837 1835 514 6132
838 1676 506 5798
839 1804 547 6044
840 1845 556 8309
841 1802 556 5874
842 1984 485 6282
843 1708 511 5815
844 1727 563 8913
845 1492 469 5192
846 1614 435 5158
847 1552 507 5425
848 1841 499 6165
849 1712 506 5756
850 1855 423 5605
851 1602 598 5529
852 1866 495 6014
853 1536 551 5292
854 1532 526 5068
855 2001 536 6238
856 1963 501 6338
857 1766 520 6026
858 2060 568 7123
859 2016 609 13089
860 1550 495 9925
861 2111 648 9219
862 1995 594 6576
863 1533 510 5170
864 1588 459 5194
865 2001 547 6540
866 1550 543 5601
867 1584 539 5849
868 2076 599 6686
869 1950 527 6399
870 1772 606 8185
871 1922 559 6376
872 1988 625 6498
873 1572 545 5403
874 1604 491 5375
875 1501 464 5017
876 1848 545 6091
877 1889 559 6396
878 1576 466 5284
879 1960 540 6292
880 1564 539 5385
881 1700 561 5777
882 1525 486 5191
883 1751 555 5847
884 1574 467 5257
885 1869 582 6197
886 2225 515 7186
887 2347 612 7733
888 1828 543 6276
889 1880 484 6169
890 1931 582 6498
891 1605 484 5272
892 1781 529 5744
893 1552 450 5177
894 1785 531 5883
895 2083 594 6543
896 2073 554 6790
897 1800 472 5810
898 1521 457 5290
899 1764 459 5678
900 1989 574 6468
901 1664 482 5556
902 1684 579 5873
903 1702 536 5594
904 1789 545 5821
905 1626 576 5554
906 2096 567 6756
907 1788 466 5943
908 1698 520 5963
909 1886 499 12055
910 1690 482 5857
911 1507 501 5287
912 1570 422 5228
913 1537 498 5129
914 1783 558 5949
915 1582 475 5377
916 1869 586 6248
917 1546 513 5501
918 1705 587 5923
919 1956 608 6786
920 1912 534 6347
921 1557 447 5088
922 1664 488 5361
923 1718 485 5527
924 1927 620 6352
925 1697 575 5712
926 1848 604 6064
927 1518 481 5332
928 2059 573 6746
929 1516 502 5435
930 2069 606 6871
931 1661 539 5532
932 2010 512 6856
933 1661 484 5208
934 1603 468 5198
935 1685 603 5759
936 2049 553 6569
937 1563 485 5162
938 1523 452 5272
939 1523 411 4900
940 1585 511 5701
941 1822 573 6315
942 1946 529 6286
943 1763 595 5906
944 1994 576 6562
945 1704 510 5569
946 1701 559 5747
947 1719 505 5442
948 1636 539 5569
949 1508 541 5390
950 1699 371 4958
951 1633 497 5478
952 1821 576 6288
953 1854 556 6194
954 1785 521 5851
955 1868 565 6099
956 1597 453 5263
957 1730 546 11216
958 2304 609 7271
959 1892 593 8427
960 1730 554 6204
961 1630 512 7590
962 1754 574 6053
963 1681 497 5625
964 1482 492 5044
965 1651 502 5206
966 1813 523 5808
967 2263 649 7257
968 1980 533 6230
969 1904 579 6394
970 1861 509 6221
971 2309 569 9614
972 1497 559 5454
973 1495 482 5019
974 1848 605 6081
975 2064 549 6646
976 1490 429 4956
977 1546 517 5160
978 2257 550 6893
979 1850 548 6178
980 1569 486 5319
981 2059 494 6523
982 1522 511 5285
983 1771 456 5452
984 1658 497 5830
985 2025 593 6367
986 1902 576 6416
987 1516 513 5288
988 1781 550 6083
989 1677 548 5990
990 2247 635 7753
991 1761 603 6224
992 1677 569 6090
993 1664 492 6013
994 1648 511 5469
995 1590 546 5474
996 1584 628 5651
997 1781 531 5776
998 1714 493 5597
999 2363 659 7552
