# query_id num_block_accesses num_unique_blocks latency_us
0 1477 497 215302
1 1707 529 230237
2 1923 583 248664
3 1570 452 205673
4 1535 451 204560
5 1881 552 262164
6 1549 458 215817
7 1633 545 233893
8 1581 505 240183
9 1788 525 256917
10 1786 530 249267
11 1593 519 234009
12 1531 495 222715
13 1675 519 241116
14 1710 527 258515
15 2018 570 293266
16 1646 489 231503
17 2186 521 287353
18 1663 581 253500
19 1517 484 224327
20 1492 552 227796
21 2156 601 295155
22 2132 521 288455
23 1611 517 234200
24 2039 551 285502
25 1548 486 231579
26 1571 515 231386
27 1595 534 250979
28 1610 489 223199
29 1947 585 297226
30 1650 545 242587
31 1569 524 230895
32 1688 463 224836
33 2203 589 318131
34 1922 546 268670
35 1567 482 219826
36 2243 610 320186
37 2111 605 312972
38 1512 502 229844
39 1798 571 276506
40 1582 519 232401
41 1609 513 233454
42 1968 557 291901
43 1783 542 264466
44 1963 591 301783
45 1842 509 248249
46 1628 492 226375
47 1477 558 245845
48 1497 483 231549
49 1833 499 271055
50 1679 557 268788
51 2352 630 344067
52 1482 480 224944
53 1978 557 279955
54 1514 461 210663
55 1690 582 269152
56 1571 458 219454
57 1647 480 238377
58 1549 567 254320
59 1763 573 279093
60 1787 431 243870
61 1512 497 233027
62 1553 510 243117
63 1578 514 248938
64 1916 614 305423
65 1528 480 237745
66 1510 568 263088
67 1635 450 228962
68 1727 478 244699
69 1620 479 220392
70 1559 475 225770
71 1764 575 283590
72 1515 516 254652
73 1614 458 227219
74 1555 507 239580
75 2050 528 307926
76 1660 546 270405
77 1976 590 319427
78 1617 458 238451
79 1822 535 278346
80 1757 523 271130
81 1753 507 250715
82 1620 465 237600
83 1978 596 344169
84 1537 532 258226
85 1667 615 303476
86 1551 537 259441
87 1624 492 264985
88 1888 536 291214
89 1928 477 282169
90 1796 513 277941
91 2057 594 335350
92 1657 488 255029
93 1722 571 293986
94 1739 500 261179
95 1842 547 282080
96 1501 436 190256
97 1684 481 251553
98 1584 519 245350
99 1777 548 281975
100 1692 528 277995
101 1652 525 262233
102 1544 558 252817
103 1731 562 278620
104 1689 458 239694
105 1936 547 307218
106 1906 493 293172
107 1824 525 279240
108 1528 480 221657
109 1584 564 275021
110 1500 493 253823
111 1452 497 241153
112 1808 579 295358
113 2352 630 356994
114 1640 515 252987
115 1970 588 305052
116 1548 418 211927
117 1818 559 305043
118 1617 537 263399
119 1631 539 250206
120 1514 522 247636
121 1488 507 232019
122 1517 485 223143
123 1738 535 253328
124 1988 548 306155
125 2301 657 377803
126 1600 534 247754
127 1740 441 233743
128 1470 491 248085
129 1650 528 249463
130 1601 481 226591
131 1531 535 255252
132 1639 496 245016
133 1997 464 270832
134 1555 475 246648
135 1640 468 229799
136 1545 590 273753
137 1943 603 326490
138 1839 455 267613
139 1602 536 276962
140 1540 469 221633
141 1845 514 268551
142 1864 538 289489
143 1480 506 230052
144 1496 442 214695
145 1558 502 229565
146 1853 559 286518
147 2031 540 281843
148 1550 522 250865
149 2368 602 348026
150 1694 487 253325
151 2209 636 361440
152 2542 653 386698
153 1613 550 274909
154 2382 644 379393
155 1782 575 300771
156 1786 557 290406
157 2469 615 359260
158 1551 539 250420
159 1686 598 286494
160 1537 589 268121
161 1770 562 285558
162 1989 570 300881
163 1530 607 285457
164 1506 486 245414
165 1509 483 238987
166 1819 541 279539
167 2135 546 321470
168 1595 532 250986
169 1842 552 280640
170 1851 559 301465
171 1741 499 248549
172 1900 586 307725
173 1586 467 251750
174 1880 636 308713
175 1882 541 319680
176 1696 503 283707
177 1951 547 301546
178 1698 557 272291
179 1711 512 263309
180 2264 576 352592
181 2197 584 346056
182 1548 485 233011
183 1751 514 259892
184 2015 560 319135
185 2069 572 307255
186 2044 579 330820
187 2168 583 337330
188 2053 515 290652
189 1799 499 271978
190 1552 514 264016
191 1691 546 294967
192 1802 534 295221
193 1704 537 291912
194 1935 533 300761
195 1797 570 302617
196 1923 530 270218
197 1541 506 236144
198 1506 479 231429
199 2041 578 326904
200 1517 457 219903
201 1872 604 320194
202 1618 506 256459
203 1444 451 199328
204 1866 594 318814
205 2139 562 330878
206 2015 557 318062
207 1509 554 262788
208 1589 460 238352
209 1675 482 256816
210 1896 559 308916
211 1976 657 333832
212 1526 433 211630
213 1779 580 304403
214 1610 463 232176
215 1816 569 307185
216 1628 478 238773
217 1683 523 259008
218 1778 509 274689
219 1646 516 273638
220 1679 495 255272
221 1606 506 255405
222 1875 547 293227
223 1542 476 232135
224 1736 589 302768
225 1702 536 277750
226 1860 549 308524
227 1745 476 258632
228 1610 577 276575
229 1776 509 288438
230 1889 627 322061
231 1679 457 243266
232 1574 572 281589
233 1722 514 266740
234 1765 530 275913
235 1658 460 219266
236 1750 502 256158
237 1868 514 284135
238 1673 457 225716
239 1929 487 272003
240 1769 530 274147
241 1486 512 264220
242 1697 430 228082
243 1572 534 259760
244 1497 534 251146
245 1761 533 287737
246 1647 484 248304
247 1583 504 262806
248 1571 426 220364
249 1601 529 269204
250 1898 593 317051
251 1699 517 248952
252 2046 656 362164
253 1745 443 235857
254 1818 514 279418
255 1492 492 251943
256 1772 499 260214
257 1650 519 276738
258 1839 560 306781
259 1690 557 294384
260 1704 522 272900
261 1736 570 298066
262 1798 570 282847
263 1610 527 268049
264 1714 496 262523
265 1527 424 227626
266 1487 478 234164
267 1771 532 273523
268 2052 535 315355
269 1843 515 270777
270 1635 467 255372
271 2051 559 311985
272 1519 448 243407
273 1828 557 292285
274 1999 491 306086
275 1559 522 248998
276 1890 563 304794
277 1534 542 260740
278 1677 510 262709
279 1852 576 311270
280 1634 526 262820
281 1507 474 247287
282 2158 539 304939
283 1813 537 295054
284 1826 511 278731
285 1668 556 272375
286 1659 491 249437
287 1701 564 287528
288 1520 491 251047
289 1956 547 311852
290 2207 592 340031
291 1586 546 262287
292 1560 505 259891
293 2236 579 343518
294 2409 634 391785
295 1930 589 306925
296 1549 519 246154
297 1796 586 299527
298 1912 560 311383
299 1674 554 273879
300 2205 551 317837
301 1969 554 303088
302 1626 422 213708
303 1634 516 253016
304 1628 480 240657
305 1613 472 251695
306 1590 479 238045
307 1667 573 272903
308 1905 572 309390
309 2268 609 348868
310 1691 521 266712
311 1774 573 299251
312 1806 507 287180
313 1608 586 283713
314 1710 583 298807
315 2189 637 349312
316 1551 527 263908
317 1590 495 254111
318 1644 486 262507
319 2166 628 363175
320 1742 517 267209
321 1618 516 276381
322 2203 612 368918
323 1720 450 240020
324 1803 541 288649
325 1907 535 303620
326 1866 562 320838
327 2011 558 333612
328 1727 512 259988
329 1616 581 290355
330 1610 546 278124
331 1585 500 262925
332 2105 595 337511
333 1552 563 270685
334 2073 560 329470
335 2039 534 326849
336 1640 494 263462
337 1718 497 258604
338 1580 456 247488
339 1590 543 260147
340 1970 576 323539
341 1587 547 257481
342 1911 465 277725
343 1741 549 304789
344 1601 553 281161
345 1993 590 337482
346 1703 493 252883
347 2017 607 342184
348 1705 534 274852
349 1721 494 275585
350 2142 608 362641
351 1565 575 286218
352 2119 607 346511
353 1632 542 278680
354 1728 496 260040
355 1863 575 310527
356 1742 502 285583
357 1877 476 285235
358 1772 517 283320
359 1757 560 280634
360 1547 491 247592
361 1522 421 208103
362 1578 559 272942
363 1683 536 272218
364 1622 506 270528
365 1632 525 262937
366 1680 521 274335
367 1588 507 256470
368 2027 602 334592
369 2167 560 340153
370 2500 662 402382
371 2186 533 319717
372 1799 548 293073
373 2048 639 354716
374 2416 639 399766
375 1546 431 207319
376 1643 461 254011
377 2114 571 336473
378 2032 581 325172
379 1833 531 298359
380 1860 572 314726
381 2000 543 312784
382 1565 485 254843
383 1670 549 285073
384 1790 570 302906
385 1636 507 265242
386 1777 489 260563
387 1743 558 300572
388 2001 540 305641
389 2301 605 354675
390 1597 559 268312
391 2202 565 341351
392 1491 435 228256
393 1834 581 305072
394 1660 530 275760
395 1813 584 303257
396 2053 607 339486
397 1907 523 290503
398 2000 534 305742
399 1644 490 257658
400 2142 582 335291
401 2043 555 325176
402 1731 518 283972
403 2090 585 345300
404 1677 543 265134
405 1558 546 267727
406 1584 492 254651
407 1564 446 229201
408 1549 515 256558
409 1724 601 307632
410 1765 471 264830
411 1684 502 260031
412 2159 592 336827
413 1824 558 301898
414 2063 592 330254
415 1652 528 269780
416 1747 587 299521
417 2260 606 361867
418 1608 576 270778
419 2339 580 377792
420 1479 456 228785
421 1808 566 298281
422 1788 493 287236
423 1686 510 275773
424 1995 550 306216
425 1640 513 264049
426 1554 433 229815
427 1547 466 237908
428 1655 504 272398
429 1802 561 307788
430 1939 603 323474
431 1735 538 277658
432 1582 553 266030
433 2055 572 337646
434 1730 540 276471
435 1778 525 274713
436 1575 505 260654
437 1591 517 250088
438 2106 584 340338
439 1510 514 253697
440 1967 518 276955
441 1497 532 259026
442 2491 674 414216
443 1631 508 267003
444 1619 516 263722
445 1754 580 296601
446 2053 550 317309
447 1663 550 266093
448 1771 527 292647
449 1668 481 255147
450 1688 467 238533
451 1960 576 341419
452 1765 485 258255
453 1699 553 289382
454 1644 532 277192
455 1760 527 291569
456 2101 546 306702
457 2019 591 304731
458 1669 590 286461
459 1760 532 290813
460 1591 513 253254
461 1691 531 276614
462 2016 585 334912
463 1649 521 263449
464 1800 504 278576
465 1998 553 315526
466 1818 574 291438
467 1705 548 280484
468 1818 563 303342
469 1778 507 273228
470 1741 484 268697
471 1532 536 255118
472 1659 505 270770
473 1490 511 224264
474 1649 544 280147
475 1762 544 289999
476 1579 497 259881
477 1654 498 242265
478 1825 590 310724
479 1845 569 293118
480 1623 503 247494
481 1642 528 272914
482 1680 530 264614
483 1652 573 283094
484 1518 490 254894
485 1712 492 291011
486 1628 480 251146
487 1734 557 296369
488 1703 522 260628
489 2020 565 339491
490 1657 532 268076
491 1584 526 269015
492 1537 436 207384
493 1577 505 263317
494 1785 506 271291
495 1777 518 275669
496 1493 451 227289
497 2176 631 361012
498 1701 561 291027
499 1689 503 274312
500 1610 522 248002
501 1760 502 262750
502 1953 563 309861
503 1483 462 229745
504 1547 480 246365
505 1653 519 268524
506 1490 457 236537
507 1698 538 270703
508 1674 478 248639
509 1945 602 320231
510 1606 529 261877
511 1573 487 239838
512 1743 458 243136
513 1533 477 243388
514 1553 517 251453
515 2009 585 315923
516 2258 569 353562
517 1586 530 255059
518 2031 609 329603
519 2291 619 384661
520 1665 554 276380
521 1701 537 272495
522 1913 501 277457
523 1623 507 244807
524 1824 492 269727
525 1737 476 261150
526 1833 609 301087
527 1705 510 264708
528 1710 573 286892
529 1708 499 251222
530 1999 496 286783
531 2375 637 385546
532 1977 549 285861
533 2688 682 435559
534 1592 546 274631
535 1631 542 306612
536 1521 455 247429
537 1692 535 283468
538 1640 494 253547
539 1745 546 283019
540 1624 525 267188
541 1618 475 245637
542 2087 519 278863
543 1707 524 273720
544 1831 473 246033
545 1619 466 233882
546 2136 596 341989
547 1550 490 249445
548 2034 576 329944
549 1689 509 268519
550 1449 516 256416
551 1623 531 283173
552 1798 534 292643
553 1594 494 261904
554 1827 522 284098
555 1544 520 236272
556 1778 500 250197
557 1563 480 234612
558 1930 577 330582
559 2496 587 379773
560 1729 538 287700
561 1821 601 288818
562 1732 579 303054
563 1625 535 274431
564 1558 466 232813
565 1618 520 255035
566 2211 598 344707
567 1561 502 249459
568 1561 433 219969
569 1759 541 259805
570 1644 572 270698
571 1610 454 243412
572 1774 507 273310
573 1672 540 268052
574 1969 531 284696
575 1665 552 269522
576 1956 539 301689
577 1734 584 310174
578 1646 533 278834
579 1640 517 258286
580 1650 443 221782
581 1700 472 252447
582 2195 650 372070
583 1965 523 298215
584 1508 484 241154
585 2062 599 324763
586 1681 482 239271
587 1487 478 234856
588 1543 498 249930
589 1998 580 312868
590 1525 489 248419
591 1701 549 275534
592 2116 545 315850
593 1587 492 249398
594 1945 585 327133
595 1593 514 259818
596 1497 489 241810
597 2017 583 328443
598 1802 582 302820
599 1754 499 266148
600 2080 600 336162
601 1803 525 300094
602 1568 458 242188
603 1736 422 230647
604 2174 580 334565
605 2184 563 338053
606 1576 475 238374
607 1657 481 255706
608 2068 640 353133
609 1591 435 216974
610 1538 518 256172
611 1799 604 324885
612 1783 509 276495
613 1504 483 234817
614 1817 553 284161
615 1805 535 293781
616 1658 491 260317
617 1845 612 298560
618 1648 510 253594
619 1584 520 271167
620 1825 583 301455
621 2144 564 342764
622 1520 511 249728
623 1577 501 253517
624 1544 524 264592
625 1551 541 295566
626 1610 431 233066
627 1667 493 247532
628 1715 482 276413
629 1670 539 282464
630 1719 578 299843
631 1961 511 284899
632 2241 622 375477
633 1839 494 285617
634 2074 624 342104
635 2330 650 405582
636 1932 553 293818
637 1719 557 284246
638 1683 398 223990
639 1812 493 252019
640 1553 479 240228
641 2236 543 312095
642 2152 530 325586
643 1529 522 268093
644 2401 597 360165
645 1554 501 256891
646 1555 586 273892
647 1704 512 262531
648 1942 569 309401
649 1968 564 315531
650 1673 600 284078
651 1624 580 278193
652 1747 542 282397
653 1695 514 257253
654 1653 573 273585
655 1654 560 263691
656 1698 449 250097
657 1819 498 262835
658 1717 468 254276
659 1653 453 231047
660 1850 620 320877
661 1975 522 314221
662 1861 517 293647
663 2116 591 349525
664 1643 513 248738
665 1973 545 319856
666 1720 519 288658
667 1520 464 223658
668 2076 595 350350
669 1539 469 241170
670 1889 582 306041
671 1672 559 291522
672 2302 597 359182
673 1661 513 265974
674 1579 488 232540
675 1553 478 247527
676 1547 506 236881
677 1602 463 232545
678 2156 550 316767
679 1687 444 243389
680 1612 519 259719
681 1767 557 294958
682 2064 602 332894
683 1475 492 235868
684 1694 522 278517
685 2163 635 350604
686 2231 583 346539
687 1613 459 218587
688 1844 550 294785
689 2087 575 344894
690 1705 481 257466
691 1918 518 289608
692 1787 556 297846
693 1769 554 299628
694 1636 495 245510
695 1692 547 264974
696 1849 536 285852
697 1724 606 302324
698 1716 522 258530
699 1907 587 304697
700 1931 652 334136
701 1896 565 307406
702 2037 618 337335
703 2039 611 334638
704 1865 547 304809
705 1694 510 272565
706 1930 581 328281
707 1456 485 237638
708 1516 408 209693
709 1462 522 238728
710 1906 586 297407
711 1454 511 236420
712 1543 503 246292
713 1465 475 221120
714 1588 473 229327
715 1857 582 315409
716 1800 518 294878
717 1806 544 302217
718 1621 509 271065
719 1609 503 271023
720 1569 469 245910
721 1621 534 264425
722 1661 466 250045
723 1552 493 249164
724 1812 524 286872
725 1698 453 241570
726 2085 563 328758
727 1727 544 287834
728 1778 560 273626
729 1570 471 241443
730 1507 469 237447
731 1678 563 280727
732 1758 481 260679
733 1540 496 241950
734 1595 465 244575
735 2328 566 347757
736 1793 549 289455
737 1611 500 267258
738 2369 527 360192
739 2778 718 459228
740 1721 513 267796
741 1591 566 264716
742 1963 581 301167
743 1788 553 299478
744 1533 483 262503
745 1662 453 246476
746 2023 529 292805
747 1525 495 266616
748 1556 492 245599
749 2010 581 331889
750 1994 584 338353
751 1791 609 310345
752 1491 485 225521
753 1935 535 281665
754 1532 563 255507
755 1605 482 248260
756 1633 496 253512
757 1554 569 278961
758 1500 516 242100
759 1572 513 250043
760 1835 545 291016
761 1662 560 282589
762 1775 580 299476
763 1583 531 265393
764 1539 509 252411
765 2057 560 320064
766 1891 523 278418
767 1670 523 250205
768 1517 483 236042
769 1957 570 301526
770 1708 514 270607
771 1732 521 264031
772 1748 469 239974
773 1879 541 288424
774 1843 542 299848
775 1578 475 230751
776 1966 598 326620
777 1727 483 242439
778 1580 463 235248
779 1743 460 251671
780 1574 467 247338
781 1463 518 247334
782 1595 482 243612
783 1900 554 306308
784 1628 542 263064
785 1651 527 258273
786 1630 477 238003
787 2120 582 363225
788 1643 536 275695
789 1923 518 289024
790 1629 512 264546
791 1595 499 233898
792 1667 569 274240
793 1982 568 290190
794 1664 477 246505
795 1841 475 240741
796 1504 549 257025
797 1745 529 260148
798 1630 545 257735
799 2375 577 378431
800 1619 504 253219
801 1600 569 282774
802 1654 538 255346
803 1534 515 238951
804 1501 547 264681
805 1571 531 261152
806 1654 501 260557
807 1595 539 264447
808 1781 572 292612
809 1681 554 299310
810 1685 528 268477
811 2061 535 318555
812 1572 569 272413
813 1789 507 269797
814 1951 518 288193
815 1883 481 271718
816 1606 530 264590
817 1673 548 279923
818 1916 591 304729
819 1583 512 247746
820 1695 536 285184
821 2190 672 376561
822 2392 662 402900
823 1588 496 271068
824 1586 498 264937
825 1839 541 286993
826 1528 548 262473
827 1471 474 227828
828 1908 594 298910
829 1946 525 326518
830 1464 464 238862
831 1823 611 300690
832 1817 588 295144
833 1844 515 283300
834 1425 528 225501
835 1740 515 278349
836 2176 609 327967
837 1835 514 270507
838 1676 506 256443
839 1804 547 280873
840 1845 556 283999
841 1802 556 274935
842 1984 485 265601
843 1708 511 257627
844 1727 563 268250
845 1492 469 211823
846 1614 435 204751
847 1552 507 232334
848 1841 499 260599
849 1712 506 252495
850 1855 423 206794
851 1602 598 281072
852 1866 495 255637
853 1536 551 274174
854 1532 526 243869
855 2001 536 292298
856 1963 501 286277
857 1766 520 262489
858 2060 568 317186
859 2016 609 313880
860 1550 495 245935
861 2111 648 354685
862 1995 594 319645
863 1533 510 228558
864 1588 459 210180
865 2001 547 287595
866 1550 543 262216
867 1584 539 258914
868 2076 599 321099
869 1950 527 299723
870 1772 606 297291
871 1922 559 291270
872 1988 625 316577
873 1572 545 254618
874 1604 491 236772
875 1501 464 219015
876 1848 545 272108
877 1889 559 292689
878 1576 466 232759
879 1960 540 288320
880 1564 539 256103
881 1700 561 273875
882 1525 486 237634
883 1751 555 276735
884 1574 467 232602
885 1869 582 301891
886 2225 515 334224
887 2347 612 357711
888 1828 543 264794
889 1880 484 264034
890 1931 582 306281
891 1605 484 242420
892 1781 529 259439
893 1552 450 231343
894 1785 531 277385
895 2083 594 317507
896 2073 554 319913
897 1800 472 233461
898 1521 457 211582
899 1764 459 232927
900 1989 574 306550
901 1664 482 242231
902 1684 579 293426
903 1702 536 272938
904 1789 545 283863
905 1626 576 272896
906 2096 567 311834
907 1788 466 271315
908 1698 520 277276
909 1886 499 255562
910 1690 482 241095
911 1507 501 247927
912 1570 422 240318
913 1537 498 268061
914 1783 558 301214
915 1582 475 231224
916 1869 586 292725
917 1546 513 259555
918 1705 587 296951
919 1956 608 330472
920 1912 534 299011
921 1557 447 226223
922 1664 488 251262
923 1718 485 252864
924 1927 620 319737
925 1697 575 285577
926 1848 604 310660
927 1518 481 245973
928 2059 573 331038
929 1516 502 240056
930 2069 606 339663
931 1661 539 260828
932 2010 512 294346
933 1661 484 239332
934 1603 468 239383
935 1685 603 299998
936 2049 553 302909
937 1563 485 237018
938 1523 452 219018
939 1523 411 200925
940 1585 511 271845
941 1822 573 302350
942 1946 529 292877
943 1763 595 295524
944 1994 576 329000
945 1704 510 257958
946 1701 559 286961
947 1719 505 262067
948 1636 539 270782
949 1508 541 253086
950 1699 371 182466
951 1633 497 246533
952 1821 576 304295
953 1854 556 285264
954 1785 521 282992
955 1868 565 275907
956 1597 453 240220
957 1730 546 280284
958 2304 609 374631
959 1892 593 318043
960 1730 554 291765
961 1630 512 263425
962 1754 574 295479
963 1681 497 259528
964 1482 492 246807
965 1651 502 237688
966 1813 523 266668
967 2263 649 367856
968 1980 533 305187
969 1904 579 309242
970 1861 509 304537
971 2309 569 351586
972 1497 559 275355
973 1495 482 227236
974 1848 605 329128
975 2064 549 335497
976 1490 429 219965
977 1546 517 268439
978 2257 550 349599
979 1850 548 298050
980 1569 486 249248
981 2059 494 298441
982 1522 511 248332
983 1771 456 244214
984 1658 497 252124
985 2025 593 312531
986 1902 576 318326
987 1516 513 251212
988 1781 550 294231
989 1677 548 273288
990 2247 635 360861
991 1761 603 310313
992 1677 569 289398
993 1664 492 274279
994 1648 511 255958
995 1590 546 270711
996 1584 628 292762
997 1781 531 285174
998 1714 493 267176
999 2363 659 406948
